4513
334
4459
2102
6412
3339
1568
7564
9952
5158
6852
9551
9909
2047
3796
6708
3806
6006
4049
7867
5882
3308
6554
4066
625
169
5330
4524
8775
6556
603
9379
6547
2251
702
6551
4364
9495
2270
1780
8585
1701
5599
2873
5407
4909
884
2154
9995
3676
9630
1308
3296
2990
1337
1864
3887
1812
3656
6937
3935
1363
9750
8284
5653
1309
9740
5819
2629
4808
3321
1525
4672
9640
859
844
4510
5875
3283
789
4737
5775
5819
6942
8863
5845
4928
5491
5110
5779
109
1735
196
9165
8230
6534
9168
760
7953
4603
766
8872
4178
607
4473
1579
1709
909
5708
2229
5382
3754
8112
3588
9797
5478
6696
1278
3848
5015
3529
3095
5610
5848
5488
6506
9245
1373
4319
2513
2611
9402
1177
8061
8272
8317
3866
8597
9813
8045
6062
8782
3090
8132
4660
8913
3040
1348
1831
3207
4614
2239
9871
3499
613
7051
5355
1090
1457
5186
8016
182
9870
6501
8526
5030
5701
7147
3076
6488
3283
2969
5854
6770
5647
870
6537
4222
542
4954
6513
6685
7698
9615
8493
9804
1524
2998
3527
9612
3655
6537
5130
5825
8638
3078
4474
5686
5018
7714
9709
5610
226
918
6141
414
3007
2728
2457
2247
383
1282
1753
6241
7054
6027
8904
2217
6258
5575
5522
564
5458
7879
3917
8444
2326
2386
9250
2479
5936
9458
5828
3017
2582
3164
1137
2347
6155
6087
9227
9950
9049
7364
3735
2592
7642
9789
4123
3767
3855
3631
6358
2243
8706
2143
2712
795
5427
3344
5251
7595
1940
4104
1028
7918
3458
7021
4124
7078
8604
9682
1547
6836
3902
3644
5200
3267
5510
514
6943
3488
1881
4588
7282
4904
5883
1095
287
5479
627
8284
7418
8906
4387
9942
7618
4481
9661
2274
7590
7523
3500
8117
4637
7260
2343
6961
1196
453
4622
907
3771
2735
9283
2020
9910
7743
6446
3193
783
2146
3807
1766
1023
3888
3333
7603
2630
4448
7203
3070
4177
1776
3794
6111
6296
3367
3192
6567
4446
8782
1954
9380
5703
6685
3931
4740
2806
5544
3519
5299
7040
8597
313
6182
8990
317
3475
2927
4224
5546
5392
2444
7653
9080
7338
6759
5806
9060
2358
6711
493
6966
7011
9352
1491
7306
9612
6728
7688
9035
5596
5916
5670
5171
3347
9439
422
5737
1003
7342
3774
1144
6631
1843
4321
2981
2400
5860
935
2691
3423
3736
1171
1439
4292
5522
9865
9054
7975
2293
5755
736
4780
6248
3469
6007
1563
9705
7671
4588
4522
6911
8268
7422
2814
1494
8101
2069
1942
4572
4503
118
5068
4604
6912
138
329
2559
7280
6850
9776
2872
8536
6227
1879
2314
2170
1797
5499
7679
6532
7827
2300
3385
5999
5570
7296
4410
3081
1329
1562
2336
2777
6671
9023
2369
8406
845
3934
4056
5393
9941
515
8194
5167
9131
9830
9208
9374
6008
4338
2719
4947
6762
5028
2520
7106
6733
2237
5380
2874
4173
9157
9674
2605
1362
5903
3735
6875
2592
1841
1349
1317
2030
3998
9698
5760
9160
7894
7614
1140
3600
4711
3916
4114
1553
3901
2542
2113
9822
9070
1800
7010
6877
8461
9592
5525
7892
2502
7855
3378
7948
8544
699
2119
1437
1681
535
4662
6690
470
4614
492
4476
8771
8953
4994
4983
5820
2414
8873
4763
6223
6943
3847
5253
1772
4191
6410
9012
9223
9180
5751
2355
5235
6758
5413
3435
7920
3104
7943
4443
6945
1569
7655
2219
9263
3889
6682
6452
2892
4317
8796
7254
6785
8167
7152
8421
1647
9316
6238
543
785
5241
2348
279
6178
4365
962
5267
2294
1107
3044
2019
8959
6857
2483
7050
5796
8334
5053
2249
2063
4487
5854
2230
5071
9389
3694
7042
9388
581
9453
6585
8790
9559
9669
2068
7689
1437
1654
3293
4378
7109
5995
3627
2905
6476
9089
9613
3835
2268
4306
4228
2278
1078
1061
7663
5147
2984
71
4368
5071
3532
3163
9981
4352
4610
7103
419
687
1002
5891
8853
2979
4054
8189
5491
5142
4325
2362
1172
881
9901
7850
6427
8359
6602
1735
5288
8830
3997
9445
4248
8168
2115
8317
7738
3771
6192
4331
5549
4224
4569
9393
4221
1224
3195
4142
8879
6772
2639
1861
1668
946
8723
9951
2623
13
9064
1192
2031
2129
4897
4324
4765
1618
1616
48
7686
3772
1974
578
1024
2585
7716
7033
7683
5001
2296
3130
7795
337
2061
4684
7447
4304
4949
4292
2633
6984
344
5525
4943
1220
3086
271
4541
2446
6261
4364
3780
6356
6371
6380
9136
4506
4507
3295
4564
6256
2671
4281
3391
477
1230
1942
1459
7424
3417
3053
2256
5703
5731
3189
410
9296
8642
6374
6687
4854
379
8308
5744
9155
2805
3160
9914
8445
8091
5745
9918
7271
4117
7109
3078
5880
70
9714
6792
4054
3510
7977
8888
4167
7338
7634
7631
1438
7090
5918
5516
5819
8372
5534
8629
5158
1765
1582
1826
8210
9762
2343
8188
8477
8275
9934
6264
7687
9285
2346
5549
2433
1738
8676
8751
1531
1684
1647
8771
8590
522
7251
7246
2176
2461
5357
9050
8504
295
9013
8350
7777
7596
8919
5272
4874
2110
7378
8934
6369
5353
9599
2695
3493
1873
6949
9855
817
1576
1776
2156
7749
1921
5000
629
5947
7643
2266
634
9592
6656
5023
6793
6343
5842
8704
5394
4332
7543
9787
6680
7481
9511
9930
6969
6455
336
6740
3307
1232
3459
6104
6837
1877
9329
1840
2099
3664
4488
5534
9939
9959
30
2484
2377
5710
1413
542
151
8995
9215
7510
236
5866
4109
1148
4593
2841
7839
1675
402
7563
8551
5486
3353
6443
3787
248
2920
421
6076
7809
5230
6134
2250
3321
9791
7693
9896
4462
4384
2323
8504
115
8018
6165
4876
7822
5478
4437
8804
6705
5232
5385
6285
5089
8915
5242
4746
2307
6
4554
4356
2624
7608
7364
9126
9905
9938
168
8723
5196
7606
5867
7436
5998
4999
485
6657
63
1134
2208
9144
7792
9891
2822
205
8007
9909
4503
